2 0.30927083333333333 0.18072916666666666 0.20568750000000005 0.3553958333333334
2 0.49393750000000003 0.220875 0.16968749999999996 0.33870833333333333
2 0.65 0.25854166666666667 0.16364583333333324 0.29664583333333333
2 0.7924166666666667 0.27579166666666666 0.16060416666666674 0.2742916666666666
2 0.9204583333333333 0.2267708333333333 0.15908333333333335 0.11187499999999997
2 0.928125 0.31354166666666666 0.14375 0.08958333333333333
2 0.9356041666666666 0.39339583333333333 0.12879166666666678 0.09662499999999999
2 0.9356041666666666 0.468375 0.12879166666666678 0.07991666666666669
2 0.9356041666666666 0.5425833333333333 0.12879166666666678 0.09199999999999993
2 0.9364583333333333 0.625 0.12708333333333333 0.09583333333333334
2 0.9412916666666666 0.707125 0.1174166666666667 0.08393749999999993
2 0.946875 0.7875 0.10625 0.09166666666666666
2 0.946875 0.8697916666666666 0.10625 0.09375
2 0.11175 0.11485416666666667 0.19166666666666668 0.22970833333333335
2 0.11212500000000002 0.3526458333333334 0.1939375 0.29924999999999996
2 0.09791666666666667 0.6385416666666667 0.19583333333333333 0.3020833333333333
2 0.10114583333333332 0.8912916666666667 0.19468750000000004 0.2174166666666667
2 0.31364583333333335 0.5194583333333334 0.21818750000000003 0.3563125000000001
2 0.315625 0.840625 0.22291666666666668 0.31875
2 0.49981250000000005 0.53025 0.17008333333333336 0.3135208333333333
2 0.5106041666666666 0.8420416666666667 0.1727291666666667 0.3159166666666666
2 0.6723541666666667 0.8326250000000001 0.18560416666666674 0.3084166666666666
2 0.6626875 0.5376458333333333 0.1625 0.2866458333333334
2 0.8030208333333333 0.5402916666666666 0.15152083333333338 0.2692083333333334
2 0.8282291666666667 0.8121666666666666 0.1526458333333333 0.28268749999999987