2 0.7848541666666667 0.14495833333333333 0.3727291666666666 0.1906875
2 0.7776458333333333 0.3262083333333334 0.3659166666666666 0.17787499999999998
2 0.7727291666666667 0.49225 0.3424166666666667 0.1889375
2 0.7713958333333333 0.6458125 0.3420416666666668 0.19016666666666662
2 0.7666666666666667 0.7898958333333332 0.3212083333333335 0.20274999999999987
2 0.7649583333333333 0.9240416666666668 0.3215833333333334 0.1519166666666666
2 0.5032291666666667 0.2193541666666667 0.2147708333333334 0.33566666666666667
2 0.5 0.5370625 0.21212499999999992 0.3271458333333333
2 0.5083333333333333 0.8348958333333333 0.19847916666666662 0.3160000000000001
2 0.30075 0.2221875 0.20454166666666668 0.31485416666666666
2 0.3143958333333333 0.5295 0.18939583333333335 0.3120208333333334
2 0.3219791666666667 0.8061041666666667 0.1893958333333333 0.3160208333333332
2 0.1259375 0.23147916666666662 0.20264583333333336 0.31445833333333334
2 0.13825 0.5245624999999999 0.19318749999999998 0.2946041666666667
2 0.15758333333333333 0.7941874999999999 0.17879166666666665 0.2944375000000001