2 0.8967708333333333 0.1035 0.20643750000000008 0.207
2 0.8939374999999999 0.2574375 0.2121250000000001 0.1959166666666667
2 0.8802083333333334 0.39895833333333336 0.23958333333333334 0.18541666666666667
2 0.8704583333333333 0.5440833333333334 0.2590833333333334 0.1586458333333333
2 0.8611666666666667 0.6573125 0.27158333333333334 0.15858333333333335
2 0.8462083333333333 0.7596041666666667 0.2681875 0.15200000000000008
2 0.31364583333333335 0.3021041666666667 0.3696875 0.28145833333333337
2 0.5484791666666666 0.090625 0.2787916666666666 0.16533333333333336
2 0.2672291666666667 0.10256250000000001 0.29583333333333334 0.1626875
2 0.6392083333333333 0.27579166666666666 0.3428125000000001 0.22506249999999997
2 0.3111666666666667 0.4821666666666667 0.33825000000000005 0.19087500000000002
2 0.3143958333333333 0.6148958333333333 0.3106041666666666 0.17979166666666663
2 0.3215833333333334 0.7216875 0.29014583333333327 0.18125
2 0.330875 0.8343541666666667 0.28674999999999995 0.16793750000000002
2 0.62425 0.4361666666666667 0.3090833333333334 0.2011041666666666
2 0.6111666666666667 0.5675625 0.28674999999999995 0.18362499999999998
2 0.599625 0.6769999999999999 0.2825833333333333 0.16764583333333338
2 0.5965833333333334 0.7981874999999999 0.2613541666666667 0.1645416666666667
2 0.06666666666666667 0.13927083333333332 0.13333333333333333 0.21643749999999998