2 0.17860416666666667 0.23600000000000002 0.2064375 0.3689791666666667
2 0.3625 0.3076041666666667 0.17197916666666668 0.18037499999999998
2 0.7606041666666666 0.26347916666666665 0.20302083333333343 0.2989166666666666
2 0.9217708333333333 0.2780625 0.15643750000000006 0.27883333333333327
2 0.7450833333333333 0.5541041666666667 0.1946875000000001 0.30820833333333336
2 0.9107916666666667 0.5550625 0.1602291666666666 0.2760208333333333
2 0.7295416666666666 0.8354166666666667 0.18635416666666677 0.32916666666666666
2 0.8975416666666667 0.8305416666666667 0.1625 0.315625
2 0.4873124999999999 0.32256250000000003 0.12235416666666664 0.17466666666666664
2 0.35966666666666663 0.5459583333333333 0.1776458333333333 0.30329166666666674
2 0.1744375 0.5595833333333334 0.22385416666666672 0.3305416666666666
2 0.1803125 0.8401458333333333 0.20908333333333332 0.31968750000000007
2 0.356625 0.8155416666666666 0.18674999999999997 0.30835416666666665
2 0.5168541666666667 0.7720416666666666 0.15114583333333337 0.30845833333333345
2 0.49318750000000006 0.5168125 0.10758333333333336 0.2374166666666667
2 0.6450833333333333 0.2814583333333333 0.10075000000000003 0.26293749999999994
2 0.6350416666666666 0.5315833333333333 0.0996250000000001 0.27452083333333344
2 0.62425 0.7746875000000001 0.09697916666666657 0.27589583333333345