2 0.24735416666666668 0.32708333333333334 0.19925000000000004 0.3352291666666666
2 0.42954166666666665 0.3282291666666667 0.1924166666666667 0.3299375
2 0.6280208333333334 0.325 0.24091666666666664 0.3545416666666667
2 0.8356041666666666 0.32045833333333335 0.21666666666666667 0.3636249999999999
2 0.9668541666666666 0.34108333333333335 0.06629166666666678 0.35566666666666663
2 0.1055 0.3159166666666666 0.09204166666666667 0.3454583333333333
2 0.037125 0.3126875 0.07425 0.36704166666666665
2 0.18787500000000001 0.6752708333333334 0.2393958333333333 0.39902083333333327
2 0.4079583333333333 0.6620208333333333 0.2325833333333333 0.3801041666666667
2 0.6140208333333333 0.6637291666666666 0.22045833333333326 0.3645625
2 0.819125 0.6665625 0.2102291666666666 0.3498124999999999
2 0.9539791666666667 0.6633333333333333 0.09204166666666656 0.37137499999999996
2 0.18333333333333332 0.9341666666666666 0.22424999999999998 0.12483333333333325
2 0.60625 0.9215833333333333 0.19356249999999994 0.15681249999999997
2 0.40037500000000004 0.91875 0.2174166666666667 0.1625
2 0.8007500000000001 0.9102291666666668 0.1924166666666667 0.17954166666666657