2 0.17272916666666666 0.27018749999999997 0.1825833333333333 0.3012916666666667
2 0.34791666666666665 0.26129166666666664 0.175375 0.2925833333333333
2 0.5140208333333333 0.2654583333333333 0.18031250000000001 0.27668750000000003
2 0.6892083333333333 0.264125 0.18218750000000009 0.28310416666666666
2 0.0498125 0.5005208333333333 0.099625 0.3222500000000001
2 0.1821875 0.534125 0.19241666666666662 0.26585416666666667
2 0.35093749999999996 0.5377083333333333 0.1844791666666667 0.2700208333333334
2 0.5164791666666666 0.5413125 0.1791666666666666 0.28933333333333333
2 0.687875 0.5415 0.18864583333333323 0.29274999999999995
2 0.8927083333333333 0.25416666666666665 0.21458333333333332 0.25416666666666665
2 0.8821041666666667 0.5284583333333333 0.2316249999999999 0.3302291666666666
2 0.8783124999999999 0.8176666666666667 0.23920833333333344 0.3332500000000001
2 0.6829583333333333 0.8058333333333334 0.1727291666666666 0.29441666666666677
2 0.5181875 0.8020416666666667 0.16893749999999993 0.30197916666666674
2 0.3560625 0.8046875 0.17802083333333332 0.2891041666666666
2 0.18352083333333333 0.8043125 0.1776458333333333 0.28229166666666666
2 0.052083333333333336 0.7958333333333333 0.10416666666666667 0.32916666666666666