2 0.21458333333333332 0.208375 0.2094791666666667 0.32508333333333334
2 0.06875 0.21666666666666667 0.1375 0.32916666666666666
2 0.06193749999999999 0.524 0.12385416666666667 0.3237500000000001
2 0.0625 0.8282708333333333 0.125 0.3392916666666667
2 0.2123125 0.8260000000000001 0.18902083333333336 0.34383333333333327
2 0.20852083333333335 0.5195416666666667 0.19658333333333336 0.32149999999999995
2 0.4109791666666666 0.2861875 0.24999999999999994 0.30268749999999994
2 0.41781250000000003 0.5613958333333334 0.25152083333333336 0.3022291666666666
2 0.4172291666666667 0.8433125 0.24129166666666665 0.30277083333333343
2 0.6486666666666667 0.8373541666666667 0.23143750000000007 0.2968958333333333
2 0.6356041666666666 0.28979166666666667 0.23712500000000006 0.2833750000000001
2 0.6481041666666666 0.5644166666666667 0.2454583333333334 0.28102083333333333
2 0.8494375000000001 0.3005833333333333 0.22158333333333335 0.2708750000000001
2 0.8714999999999999 0.5496458333333333 0.25283333333333335 0.2878333333333333
2 0.8736666666666667 0.8262708333333334 0.2450833333333333 0.31410416666666663