2 0.5941875 0.24670833333333336 0.28589583333333335 0.15600000000000003
2 0.5923333333333333 0.3766458333333333 0.2788125000000001 0.1465
2 0.5938333333333333 0.5086041666666666 0.27847916666666656 0.15449999999999994
2 0.5997291666666666 0.6414166666666666 0.28016666666666673 0.1608125000000001
2 0.5903125 0.7664791666666667 0.26131250000000006 0.15839583333333326
2 0.5908125 0.87875 0.2522291666666667 0.1707708333333334
2 0.8577916666666667 0.24183333333333332 0.28441666666666665 0.1597083333333333
2 0.858625 0.3810208333333333 0.28275000000000006 0.14514583333333336
2 0.8514583333333333 0.5116458333333334 0.2751250000000001 0.16391666666666668
2 0.8539791666666667 0.6404166666666666 0.2700625 0.1352291666666666
2 0.8475833333333332 0.7616041666666666 0.27747916666666655 0.16208333333333325
2 0.8415208333333334 0.8706666666666667 0.26535416666666667 0.17818749999999994
2 0.3734375 0.2934791666666667 0.19127083333333333 0.2933124999999999
2 0.37714583333333335 0.5565625 0.1784791666666667 0.27060416666666665
2 0.38641666666666663 0.81225 0.1734166666666667 0.28695833333333337
2 0.22191666666666665 0.8160208333333333 0.17914583333333328 0.2698333333333333
2 0.210125 0.5526875 0.18116666666666667 0.2729791666666666
2 0.20220833333333335 0.2934791666666667 0.18891666666666668 0.2933124999999999