2 0.7770833333333333 0.17304166666666668 0.20341666666666663 0.20391666666666666
2 0.5717708333333333 0.17885416666666665 0.20416666666666666 0.22058333333333333
2 0.36741666666666667 0.17960416666666665 0.21591666666666665 0.20693750000000002
2 0.14508333333333334 0.17335416666666664 0.23333333333333334 0.19822916666666668
2 0.14072916666666666 0.45525000000000004 0.23597916666666668 0.3946041666666667
2 0.17027083333333337 0.8111458333333333 0.2041666666666667 0.35954166666666676
2 0.930875 0.4560208333333333 0.13825000000000004 0.39612499999999995
2 0.7541666666666667 0.8086666666666668 0.2 0.3606875
2 0.7645833333333333 0.4596041666666667 0.21856249999999994 0.3919583333333333
2 0.5640208333333334 0.5018333333333334 0.2227291666666666 0.3892708333333334
2 0.5662916666666666 0.8300625 0.19697916666666662 0.32168749999999996
2 0.3545416666666667 0.4626458333333333 0.2204583333333333 0.38287499999999997
2 0.3640208333333333 0.8043125 0.20758333333333331 0.3428750000000001