2 0.33541666666666664 0.24187499999999998 0.26175 0.38829166666666665
2 0.5380625 0.22275000000000003 0.2200833333333333 0.369
2 0.7517083333333333 0.23024999999999995 0.23143750000000007 0.3698125
2 0.7375 0.5424583333333334 0.18787500000000013 0.2946458333333334
2 0.36022916666666666 0.5620625 0.23939583333333336 0.3051875
2 0.5450833333333333 0.5346041666666667 0.2 0.284375
2 0.7178125000000001 0.7831041666666666 0.18181249999999996 0.26410416666666664
2 0.5509375 0.779875 0.1700833333333333 0.28189583333333346
2 0.3844791666666667 0.8026041666666667 0.18181249999999996 0.28191666666666654
2 0.171875 0.8833333333333333 0.27291666666666664 0.23333333333333334
2 0.1501875 0.7268125 0.2776458333333334 0.24522916666666675
2 0.13541666666666666 0.5588541666666667 0.2708333333333333 0.2601041666666667
2 0.1293541666666667 0.3653541666666667 0.2587083333333334 0.24129166666666665
2 0.125 0.121875 0.25 0.24375