2 0.1943125 0.48972916666666666 0.2409166666666667 0.34989583333333324
2 0.20491666666666666 0.7935208333333333 0.20758333333333337 0.3455208333333334
2 0.393375 0.7887916666666667 0.20568750000000005 0.3360624999999999
2 0.3823958333333334 0.48764583333333333 0.21931249999999997 0.3571041666666666
2 0.37614583333333335 0.17087500000000003 0.22575000000000003 0.3334375
2 0.57575 0.16495833333333335 0.21591666666666665 0.3299166666666667
2 0.7876875 0.1640208333333333 0.2428124999999999 0.3280208333333333
2 0.7954583333333333 0.4875625 0.23106249999999992 0.35139583333333335
2 0.5854166666666667 0.8009166666666666 0.20795833333333327 0.34212500000000007
2 0.78125 0.8045000000000001 0.2178124999999999 0.3311458333333332
2 0.1998125 0.17600000000000002 0.15718749999999998 0.302